"V1"	"SMGC_103.fa"	"SMGC_121.fa"	"SMGC_122.fa"	"SMGC_123.fa"	"SMGC_134.fa"	"SMGC_143.fa"	"SMGC_147.fa"	"SMGC_159.fa"	"SMGC_170.fa"	"SMGC_182.fa"	"SMGC_184.fa"	"SMGC_19.fa"	"SMGC_20.fa"	"SMGC_200.fa"	"SMGC_203.fa"	"SMGC_204.fa"	"SMGC_209.fa"	"SMGC_212.fa"	"SMGC_213.fa"	"SMGC_218.fa"	"SMGC_219.fa"	"SMGC_221.fa"	"SMGC_226.fa"	"SMGC_23.fa"	"SMGC_239.fa"	"SMGC_24.fa"	"SMGC_241.fa"	"SMGC_244.fa"	"SMGC_256.fa"	"SMGC_258.fa"	"SMGC_262.fa"	"SMGC_265.fa"	"SMGC_271.fa"	"SMGC_275.fa"	"SMGC_28.fa"	"SMGC_286.fa"	"SMGC_297.fa"	"SMGC_299.fa"	"SMGC_301.fa"	"SMGC_302.fa"	"SMGC_303.fa"	"SMGC_304.fa"	"SMGC_305.fa"	"SMGC_314.fa"	"SMGC_316.fa"	"SMGC_324.fa"	"SMGC_326.fa"	"SMGC_329.fa"	"SMGC_33.fa"	"SMGC_336.fa"	"SMGC_337.fa"	"SMGC_338.fa"	"SMGC_340.fa"	"SMGC_343.fa"	"SMGC_345.fa"	"SMGC_35.fa"	"SMGC_357.fa"	"SMGC_36.fa"	"SMGC_362.fa"	"SMGC_37.fa"	"SMGC_375.fa"	"SMGC_38.fa"	"SMGC_383.fa"	"SMGC_384.fa"	"SMGC_385.fa"	"SMGC_390.fa"	"SMGC_392.fa"	"SMGC_395.fa"	"SMGC_416.fa"	"SMGC_418.fa"	"SMGC_434.fa"	"SMGC_436.fa"	"SMGC_45.fa"	"SMGC_464.fa"	"SMGC_469.fa"	"SMGC_473.fa"	"SMGC_481.fa"	"SMGC_485.fa"	"SMGC_490.fa"	"SMGC_506.fa"	"SMGC_507.fa"	"SMGC_51.fa"	"SMGC_512.fa"	"SMGC_515.fa"	"SMGC_523.fa"	"SMGC_528.fa"	"SMGC_53.fa"	"SMGC_531.fa"	"SMGC_538.fa"	"SMGC_539.fa"	"SMGC_540.fa"	"SMGC_541.fa"	"SMGC_544.fa"	"SMGC_545.fa"	"SMGC_55.fa"	"SMGC_56.fa"	"SMGC_573.fa"	"SMGC_590.fa"	"SMGC_601.fa"	"SMGC_611.fa"	"SMGC_617.fa"	"SMGC_619.fa"	"SMGC_62.fa"	"SMGC_66.fa"	"SMGC_7.fa"	"SMGC_70.fa"	"SMGC_75.fa"	"SMGC_76.fa"	"SMGC_77.fa"	"SMGC_79.fa"	"SMGC_84.fa"	"SMGC_85.fa"	"SMGC_88.fa"	"SMGC_90.fa"	"SMGC_92.fa"	"SMGC_94.fa"	"SMGC_96.fa"	"SMGC_97.fa"
"SMGC_103.fa"	0	1	1	1	1	1	1	1	1	1	1	1	1	1	1	1	1	1	1	0.199756	1	1	1	1	1	1	1	1	1	1	1	1	1	1	1	1	1	1	1	1	1	1	1	1	1	1	1	1	1	1	1	1	1	1	1	1	1	1	1	1	1	1	1	1	1	1	1	1	1	1	1	1	1	1	1	1	1	1	1	1	1	1	1	1	1	1	1	1	1	1	1	1	1	1	1	1	1	1	1	1	1	1	1	1	1	1	1	1	1	1	1	1	1	1	1	1	1	1
"SMGC_121.fa"	1	0	1	1	1	1	0.212235	1	1	1	1	1	1	0.205941	1	1	1	1	1	1	1	1	1	1	1	1	1	1	1	1	1	1	1	1	1	1	1	1	1	1	1	1	1	1	1	1	1	1	1	0.206276	1	1	1	1	1	1	1	1	1	1	1	1	0.229469	1	1	1	1	1	1	1	1	1	1	0.224456	1	1	1	1	1	1	1	1	1	1	1	1	1	1	1	1	1	0.217398	1	1	0.207845	1	1	1	1	1	1	1	1	1	1	1	1	1	1	1	1	1	1	1	1	1	1	1
"SMGC_122.fa"	1	1	0	1	1	1	1	1	1	0.22718	1	0.231545	1	1	1	1	1	0.187815	0.190096	1	1	1	1	0.232185	1	1	1	1	0.227997	1	1	1	0.222142	0.207074	1	1	1	1	0.217699	1	1	0.225326	0.0960949999999999	1	1	1	1	1	1	1	0.124357	0.219795	1	0.122984	1	0.214046	1	1	0.225275	1	1	0.102179	1	1	1	1	1	0.227938	1	1	1	1	1	1	1	1	1	1	1	1	0.223267	0.22685	1	1	1	1	1	0.214778	1	1	1	1	1	1	1	0.223837	1	1	0.231941	1	0.224327	1	1	1	0.227843	1	0.219327	0.221848	0.203291	0.220843	0.188523	0.204207	0.201499	0.10265	0.102734	1	1	1
"SMGC_123.fa"	1	1	1	0	1	1	1	1	1	1	1	1	1	1	0.088118	1	1	1	1	1	1	1	1	1	1	1	1	1	1	1	1	1	1	1	1	1	1	1	1	1	1	1	1	1	1	1	1	1	1	1	1	1	1	1	1	1	1	1	1	1	1	1	1	1	1	1	1	1	1	1	1	1	1	1	1	1	1	1	1	1	1	1	1	1	1	1	1	1	1	1	1	1	1	1	1	1	1	1	1	1	1	1	1	1	1	1	1	1	1	1	1	1	1	1	1	1	1	1
"SMGC_134.fa"	1	1	1	1	0	1	1	1	1	1	1	1	1	1	1	1	1	1	1	1	1	1	1	1	1	1	1	1	1	1	1	1	1	1	1	1	1	1	1	1	1	1	1	1	1	1	1	1	1	1	1	1	1	1	1	1	1	1	1	1	1	1	1	1	1	1	1	1	1	1	1	1	1	1	1	1	1	1	1	1	1	1	1	1	1	1	0.212948	1	1	1	1	1	1	1	1	1	1	1	1	1	1	1	1	1	1	1	1	1	1	1	1	1	1	1	1	1	1	1
"SMGC_143.fa"	1	1	1	1	1	0	1	1	1	1	0.233472	1	1	1	1	1	1	1	1	1	1	1	0.197561	1	1	1	1	1	1	1	1	1	1	1	0.216115	1	1	0.233905	1	1	1	1	1	0.238467	0.234841	1	0.241172	0.241899	1	1	1	1	1	1	0.219153	1	1	0.217924	1	1	1	1	1	1	1	1	0.242991	1	1	1	1	1	1	1	1	1	0.241825	1	1	1	1	1	1	1	1	1	1	1	1	1	1	1	1	0.239399	1	1	1	1	1	1	1	1	1	0.239999	1	1	1	1	1	1	1	1	1	1	1	1	1	1
"SMGC_147.fa"	1	0.212772	1	1	1	1	0	1	1	1	1	1	1	0.078325	1	1	1	1	1	1	1	1	1	1	1	1	1	1	1	1	1	1	1	1	1	1	1	1	1	1	1	1	1	1	1	1	1	1	1	0.076743	1	1	1	1	1	1	1	1	1	1	1	1	0.219503	1	1	1	1	1	1	1	1	1	1	0.141671	1	1	1	1	1	1	1	1	1	0.078438	1	1	1	1	1	1	0.214843	0.0730270000000001	1	1	0.076086	1	1	1	1	1	1	1	1	1	1	1	1	1	1	1	1	1	1	1	1	1	1	1
"SMGC_159.fa"	1	1	1	1	1	0.242357	1	0	1	0.233558	0.229138	0.234715	1	1	1	1	0.249034	1	1	1	1	0.107314	0.236556	1	0.250605	1	1	1	0.232824	0.25104	1	1	0.22614	1	1	1	1	0.229958	0.23968	0.229549	0.230328	1	1	0.221102	0.228069	1	0.223606	0.229807	0.231754	1	1	1	1	1	1	1	1	1	1	1	1	1	1	0.250566	1	1	0.239821	1	1	1	1	1	1	1	0.154447	1	0.241489	1	1	0.250461	0.235933	1	1	1	1	0.24781	1	0.239103	1	0.236008	1	1	1	0.23012	1	0.227855	1	0.230526	1	1	1	1	0.240958	0.211908	0.237674	1	0.229099	0.23101	0.236463	0.235016	1	1	1	1	1	1	0.215679	0.209455
"SMGC_170.fa"	1	1	1	1	1	1	1	1	0	1	1	1	1	1	1	1	1	1	1	1	1	1	1	1	1	1	1	1	1	1	1	0.0493749999999999	1	1	1	1	1	1	1	1	1	1	1	1	1	1	1	1	1	1	1	1	1	1	1	1	1	1	1	1	1	1	1	1	1	1	1	1	1	1	1	1	1	1	1	1	1	1	1	1	1	1	1	1	1	1	1	1	1	1	1	1	1	1	1	1	1	1	1	1	1	1	1	1	1	1	1	1	1	1	1	1	1	1	1	1	1	1
"SMGC_182.fa"	1	1	0.229414	1	1	1	1	0.233316	1	0	0.240534	0.2217	1	1	1	1	1	0.222193	0.22711	1	1	0.235791	1	0.235756	1	1	1	1	0.204444	1	0.167963	1	0.144803	0.224007	1	1	1	0.238877	0.228614	1	1	0.228597	0.227088	0.238272	0.239147	1	0.236568	0.240209	1	1	0.229313	0.228465	1	0.229075	1	0.229641	1	1	0.238415	1	1	0.226479	1	1	1	1	0.240081	0.2114	1	1	1	1	1	1	0.237504	1	1	1	1	1	0.227346	0.18984	1	1	0.228048	1	1	0.219159	1	1	1	1	1	0.244264	1	0.147465	1	1	1	1	0.234109	0.223921	0.235012	0.234739	0.209732	1	0.147406	0.143751	0.219726	0.1951	0.227098	0.221893	0.221741	0.22607	0.223546	1	0.241142	0.237467
"SMGC_184.fa"	1	1	1	1	1	0.234932	1	0.228261	1	0.238839	0	0.236004	1	1	1	1	1	1	1	1	1	0.228647	0.234271	1	1	1	1	1	0.236338	1	1	1	0.235514	1	1	1	1	0.227802	1	0.234798	0.234031	1	1	0.227038	0.228659	1	0.228733	0.232371	1	1	1	1	1	1	1	1	1	1	1	1	1	1	1	1	1	1	0.237404	1	1	1	1	1	1	1	0.235115	1	0.201653	1	1	1	1	1	1	1	1	1	1	1	1	1	1	1	1	0.234994	1	0.237126	1	0.232844	1	1	1	1	0.245826	0.233234	1	1	0.237784	0.235973	0.238166	0.236556	1	1	1	1	1	1	0.23422	0.226994
"SMGC_19.fa"	1	1	0.230947	1	1	1	1	0.235083	1	0.222582	0.233442	0	1	1	1	1	1	0.234366	0.234301	1	1	0.235309	0.241607	0.237467	1	1	1	1	0.219241	1	0.226735	1	0.217245	0.225043	1	1	1	0.230411	0.239637	0.234944	0.233457	0.231897	0.229366	0.235799	0.234618	1	0.237533	0.237447	0.23501	1	0.232274	0.23558	1	0.230754	1	0.236317	1	1	0.241528	1	1	0.235893	1	1	1	1	0.240653	0.233872	1	1	1	1	1	1	0.238802	1	0.240744	1	1	1	0.228684	0.229224	1	1	1	1	1	0.230043	1	1	1	1	1	0.236167	1	0.218736	1	0.238667	1	1	0.234652	1	0.238319	0.233578	0.223776	1	0.218515	0.218808	0.22894	0.222055	0.235107	0.228246	0.229867	0.234277	0.230959	1	0.236631	0.237354
"SMGC_20.fa"	1	1	1	1	1	1	1	1	1	1	1	1	0	1	1	1	1	1	1	1	1	1	1	1	1	1	0.193979	0.20622	1	1	1	1	1	1	1	0.186435	1	1	1	1	1	1	1	1	1	1	1	1	1	1	1	1	1	1	1	1	0.199989	1	1	1	1	1	1	1	1	1	1	1	1	1	0.229683	1	1	1	1	1	1	1	1	1	1	1	1	1	1	1	1	1	1	1	1	1	1	1	1	1	1	1	1	1	1	1	1	1	1	1	1	1	1	1	1	1	1	1	1	1	1	1
"SMGC_200.fa"	1	0.209499	1	1	1	1	0.081421	1	1	1	1	1	1	0	1	1	1	1	1	1	1	1	1	1	1	1	1	1	1	1	1	1	1	1	1	1	1	1	1	1	1	1	1	1	1	1	1	1	1	0.057329	1	1	1	1	1	1	1	1	1	1	1	1	0.220664	1	1	1	1	1	1	1	1	1	1	0.145146	1	1	1	1	1	1	1	1	1	0.099806	1	1	1	1	1	1	0.216024	0.0727410000000001	1	1	0.072797	1	1	1	1	1	1	1	1	1	1	1	1	1	1	1	1	1	1	1	1	1	1	1
"SMGC_203.fa"	1	1	1	0.0829850000000001	1	1	1	1	1	1	1	1	1	1	0	1	1	1	1	1	1	1	1	1	1	1	1	1	1	1	1	1	1	1	1	1	1	1	1	1	1	1	1	1	1	1	1	1	1	1	1	1	1	1	1	1	1	1	1	1	1	1	1	1	1	1	1	1	1	1	1	1	1	1	1	1	1	1	1	1	1	1	1	1	1	1	1	1	1	1	1	1	1	1	1	1	1	1	1	1	1	1	1	1	1	1	1	1	1	1	1	1	1	1	1	1	1	1
"SMGC_204.fa"	1	1	1	1	1	1	1	1	1	1	1	1	1	1	1	0	1	1	1	1	1	1	1	1	1	1	1	1	1	1	1	1	1	1	1	1	1	1	1	1	1	1	1	1	1	1	1	1	1	1	1	1	1	1	1	1	1	1	1	1	1	1	1	1	1	1	1	1	1	1	1	1	1	1	1	1	1	1	1	1	1	1	1	1	1	1	1	1	1	1	1	1	1	1	1	1	1	1	1	1	1	1	1	1	1	1	1	1	1	1	1	1	1	1	1	1	1	1
"SMGC_209.fa"	1	1	1	1	1	1	1	0.248593	1	1	1	1	1	1	1	1	0	1	1	1	1	1	1	1	0.23275	1	1	1	1	0.241099	1	1	1	1	1	1	0.237426	1	1	1	1	1	1	0.251798	1	0.141702	1	1	1	1	1	1	1	1	1	1	1	1	1	0.239174	1	1	1	0.163147	1	0.240542	0.25099	1	1	1	1	1	1	1	1	1	1	1	1	0.24221	1	1	0.238407	1	1	0.23928	1	1	1	1	1	1	1	1	1	1	1	1	1	1	1	1	1	1	1	1	1	1	1	1	1	1	1	1	1	1	1	1
"SMGC_212.fa"	1	1	0.187612	1	1	1	1	1	1	0.224095	1	0.231839	1	1	1	1	1	0	0.065415	1	1	1	1	0.234068	1	1	1	1	0.228631	1	1	1	0.222841	0.212483	1	1	1	1	0.226317	1	1	0.214524	0.186574	1	1	1	1	1	1	1	0.189774	0.224506	1	0.189008	1	0.217973	1	1	0.225155	1	1	0.187445	1	1	1	1	0.24104	0.226199	1	1	1	1	1	1	1	1	1	1	1	1	0.222044	0.227529	1	1	1	1	1	0.212354	1	1	1	1	1	1	1	0.224299	1	1	0.226014	1	0.230362	1	1	1	0.225305	1	0.224297	0.224843	0.206196	0.220161	0.054777	0.205881	0.206899	0.180401	0.183917	1	1	1
"SMGC_213.fa"	1	1	0.18793	1	1	1	1	1	1	0.221953	1	0.235116	1	1	1	1	1	0.0660160000000001	0	1	1	1	1	0.233875	1	1	1	1	0.229611	1	1	1	0.219393	0.211361	1	1	1	1	0.227995	1	1	0.216808	0.18682	1	1	1	1	1	1	1	0.192078	0.221811	1	0.189592	1	0.217476	1	1	0.22321	1	1	0.188726	1	1	1	1	1	0.224185	1	1	1	1	1	1	1	1	1	1	1	1	0.224078	0.226247	1	1	1	1	1	0.214689	1	1	1	1	1	1	1	0.222978	1	1	0.234526	1	0.225406	1	1	1	0.224785	1	0.216878	0.220999	0.205419	0.21999	0.0625060000000001	0.210163	0.207426	0.184162	0.184621	1	1	1
"SMGC_218.fa"	0.204811	1	1	1	1	1	1	1	1	1	1	1	1	1	1	1	1	1	1	0	1	1	1	1	1	1	1	1	1	1	1	1	1	1	1	1	1	1	1	1	1	1	1	1	1	1	1	1	1	1	1	1	1	1	1	1	1	1	1	1	1	1	1	1	1	1	1	1	1	1	1	1	1	1	1	1	1	1	1	1	1	1	1	1	1	1	1	1	1	1	1	1	1	1	1	1	1	1	1	1	1	1	1	1	1	1	1	1	1	1	1	1	1	1	1	1	1	1
"SMGC_219.fa"	1	1	1	1	1	1	1	1	1	1	1	1	1	1	1	1	1	1	1	1	0	1	1	1	1	1	1	1	1	1	1	1	1	1	1	1	1	1	1	1	1	1	1	1	1	1	1	1	1	1	1	1	1	1	1	1	1	1	1	1	1	1	1	1	1	1	1	1	1	1	1	1	1	1	1	1	1	1	1	1	1	1	1	1	1	1	1	1	1	1	1	1	1	1	1	1	1	1	1	1	1	1	1	1	1	1	1	1	1	1	1	1	1	1	1	1	1	1
"SMGC_221.fa"	1	1	1	1	1	1	1	0.104908	1	0.234574	0.229045	0.238493	1	1	1	1	1	1	1	1	1	0	1	1	1	1	1	1	0.23286	0.250655	1	1	0.230481	1	1	1	1	0.227412	1	0.226934	0.226507	1	1	0.222012	0.223548	1	0.226413	0.226242	1	1	1	1	1	1	1	1	1	1	1	1	1	1	1	1	1	1	0.238365	1	1	1	1	1	1	1	0.155534	1	0.238964	1	1	1	0.238622	1	1	1	1	1	1	1	1	0.23959	1	1	1	0.230893	1	0.231551	1	0.2363	1	1	1	1	0.242626	0.212377	0.233892	1	0.231071	0.231826	0.234627	0.23278	1	1	1	1	1	1	0.214124	0.208237
"SMGC_226.fa"	1	1	1	1	1	0.197242	1	0.235723	1	1	0.231505	1	1	1	1	1	1	1	1	1	1	0.234019	0	1	1	1	1	1	1	1	1	1	1	1	0.187388	1	1	0.234469	1	1	1	1	1	0.237579	0.239291	1	0.236914	0.241637	1	1	1	1	1	1	0.182108	1	1	0.185577	1	1	1	1	1	1	1	1	0.241715	1	1	1	1	1	1	1	1	1	1	1	1	1	1	1	1	1	1	1	1	1	1	1	1	1	1	0.23807	1	1	1	1	1	1	1	1	1	0.238398	1	1	1	1	1	1	1	1	1	1	1	1	1	0.238043
"SMGC_23.fa"	1	1	0.235996	1	1	1	1	1	1	0.235009	1	0.235699	1	1	1	1	1	0.233955	0.236576	1	1	1	1	0	1	1	1	1	0.234831	1	1	1	0.230744	1	1	1	1	1	0.228316	1	1	0.224821	0.227529	1	1	1	1	1	1	1	0.231447	0.049448	1	0.231781	1	0.228792	1	1	1	1	1	0.226924	1	1	1	1	0.244183	1	1	1	1	1	1	1	1	1	1	1	1	1	0.225472	0.232645	1	1	1	1	1	0.231777	1	1	1	1	1	1	1	0.226872	1	1	1	1	0.229771	1	1	1	0.230969	1	0.229277	0.228476	0.227663	0.227888	0.230795	0.224576	0.219244	0.231493	0.232994	1	1	1
"SMGC_239.fa"	1	1	1	1	1	1	1	0.250581	1	1	1	1	1	1	1	1	0.233706	1	1	1	1	1	1	1	0	1	1	1	1	0.239891	1	1	1	1	1	1	0.239784	0.25018	1	1	1	1	1	1	1	0.23471	0.251084	1	1	1	1	1	1	1	1	1	1	1	1	0.239213	1	1	1	0.233091	1	0.241145	0.250707	1	1	1	1	1	1	1	1	1	1	1	1	0.24487	1	1	0.205344	1	1	0.238445	1	1	1	1	1	1	1	1	1	1	1	1	1	1	1	1	1	1	1	1	1	1	1	1	1	1	1	1	1	1	1	1
"SMGC_24.fa"	1	1	1	1	1	1	1	1	1	1	1	1	1	1	1	1	1	1	1	1	1	1	1	1	1	0	1	1	1	1	1	1	1	1	1	1	1	1	1	1	1	1	1	1	1	1	1	1	1	1	1	1	1	1	1	1	1	1	1	1	1	1	1	1	1	1	1	1	1	1	1	1	1	1	1	1	1	1	1	1	1	1	1	1	1	1	1	1	1	0.229844	1	1	1	1	1	1	1	1	1	1	1	1	1	1	1	1	1	1	1	1	1	1	1	1	1	1	1	1
"SMGC_241.fa"	1	1	1	1	1	1	1	1	1	1	1	1	0.197752	1	1	1	1	1	1	1	1	1	1	1	1	1	0	0.207426	1	1	1	1	1	1	1	0.186325	1	1	1	1	1	1	1	1	1	1	1	1	1	1	1	1	1	1	1	1	0.204557	1	1	1	1	1	1	1	1	1	1	1	1	1	0.235008	1	1	1	1	1	1	1	1	1	1	1	1	1	1	1	1	1	1	1	1	1	1	1	1	1	1	1	1	1	1	1	1	1	1	1	1	1	1	1	1	1	1	1	1	1	1	1
"SMGC_244.fa"	1	1	1	1	1	1	1	1	1	1	1	1	0.207267	1	1	1	1	1	1	1	1	1	1	1	1	1	0.207299	0	1	1	1	1	1	1	1	0.207897	1	1	1	1	1	1	1	1	1	1	1	1	1	1	1	1	1	1	1	1	0.203026	1	1	1	1	1	1	1	1	1	1	1	1	1	0.232873	1	1	1	1	1	1	1	1	1	1	1	1	1	1	1	1	1	1	1	1	1	1	1	1	1	1	1	1	1	1	1	1	1	1	1	1	1	1	1	1	1	1	1	1	1	1	1
"SMGC_256.fa"	1	1	0.22717	1	1	1	1	0.228923	1	0.204062	0.239503	0.220334	1	1	1	1	1	0.230054	0.227712	1	1	0.233513	1	0.236953	1	1	1	1	0	1	0.209386	1	0.196064	0.222785	1	1	1	0.235089	0.230453	0.234695	0.23772	0.232998	0.227116	0.23813	0.233974	1	0.23629	0.233194	1	1	0.230402	0.230578	1	0.228105	1	0.231888	1	1	0.235699	1	1	0.228557	1	1	1	1	0.238559	0.218109	1	1	1	1	1	1	0.231576	1	1	1	1	1	0.224986	0.214604	1	1	0.228869	1	1	0.227005	1	1	1	1	1	0.238657	1	0.200378	1	1	1	1	0.230781	0.221968	0.237944	0.237359	0.209378	1	0.199933	0.196213	0.220681	0.200566	0.226904	0.225227	0.226018	0.22584	0.225076	1	0.239153	0.235627
"SMGC_258.fa"	1	1	1	1	1	1	1	0.250705	1	1	1	1	1	1	1	1	0.244438	1	1	1	1	1	1	1	0.239824	1	1	1	1	0	1	1	1	1	1	1	0.182085	1	1	1	1	1	1	0.250541	0.250251	0.237374	1	1	1	1	1	1	1	1	1	1	1	1	1	0.205675	1	1	1	0.239325	1	0.244395	1	1	1	1	1	1	1	1	1	1	1	1	1	1	1	1	0.246974	1	1	0.198072	1	1	1	1	1	1	1	1	1	1	1	1	1	1	1	1	1	1	1	1	1	1	1	1	1	1	1	1	1	1	1	1
"SMGC_262.fa"	1	1	1	1	1	1	1	1	1	0.16707	1	0.224966	1	1	1	1	1	1	1	1	1	1	1	1	1	1	1	1	0.208582	1	0	1	0.082647	1	1	1	1	1	1	1	1	1	1	1	1	1	1	1	1	1	1	1	1	1	1	1	1	1	1	1	1	1	1	1	1	1	1	0.218605	1	1	1	1	1	1	1	1	1	1	1	1	1	0.190058	1	1	1	1	1	0.225031	1	1	1	1	1	1	1	0.0741970000000001	1	1	1	1	1	1	1	1	0.207943	1	0.066327	0.0861150000000001	0.227087	0.194013	1	1	1	1	1	1	1	1
"SMGC_265.fa"	1	1	1	1	1	1	1	1	0.048308	1	1	1	1	1	1	1	1	1	1	1	1	1	1	1	1	1	1	1	1	1	1	0	1	1	1	1	1	1	1	1	1	1	1	1	1	1	1	1	1	1	1	1	1	1	1	1	1	1	1	1	1	1	1	1	1	1	1	1	1	1	1	1	1	1	1	1	1	1	1	1	1	1	1	1	1	1	1	1	1	1	1	1	1	1	1	1	1	1	1	1	1	1	1	1	1	1	1	1	1	1	1	1	1	1	1	1	1	1
"SMGC_271.fa"	1	1	0.223057	1	1	1	1	0.231442	1	0.144733	0.237621	0.21901	1	1	1	1	1	0.222358	0.220988	1	1	0.23031	1	0.232157	1	1	1	1	0.195468	1	0.091002	1	0	0.222316	1	1	1	0.235168	0.228294	0.240532	0.239448	0.223596	0.22125	0.235256	0.235778	1	0.232091	0.24065	1	1	0.227082	0.225315	1	0.223806	1	0.225891	1	1	0.230483	1	1	0.224269	1	1	1	1	0.236926	0.211626	1	1	1	1	1	1	0.237304	1	1	1	1	1	0.220773	0.174627	1	1	0.22734	1	1	0.213724	1	1	1	1	1	0.238862	1	0.0652710000000001	1	1	1	1	0.23037	0.215687	0.238762	0.234303	0.20436	1	0.070048	0.0647920000000001	0.215389	0.183906	0.223426	0.216633	0.217194	0.218202	0.22057	1	0.233721	0.232399
"SMGC_275.fa"	1	1	0.205544	1	1	1	1	1	1	0.221706	1	0.225943	1	1	1	1	1	0.21114	0.212459	1	1	1	1	1	1	1	1	1	0.223563	1	1	1	0.217363	0	1	1	1	1	0.231313	1	1	0.228223	0.207495	1	1	1	1	1	1	1	0.210872	1	1	0.205799	1	0.0652360000000001	1	1	0.168744	1	1	0.206209	1	1	1	1	1	0.224422	1	1	1	1	1	1	1	1	1	1	1	1	0.224829	0.225808	1	1	1	1	1	0.166711	1	1	1	1	1	1	1	0.222309	1	1	0.0544110000000001	1	1	1	1	1	0.226817	1	0.220127	0.217987	0.155052	0.216439	0.21199	0.059354	0.204964	0.204282	0.201373	1	1	1
"SMGC_28.fa"	1	1	1	1	1	0.213885	1	1	1	1	1	1	1	1	1	1	1	1	1	1	1	1	0.187808	1	1	1	1	1	1	1	1	1	1	1	0	1	1	1	1	1	1	1	1	1	1	1	1	1	1	1	1	1	1	1	0.140702	1	1	0.149134	1	1	1	1	1	1	1	1	1	1	1	1	1	1	1	1	1	1	1	1	1	1	1	1	1	1	1	1	1	1	1	1	1	1	1	1	1	1	1	1	1	1	1	1	1	1	1	1	1	1	1	1	1	1	1	1	1	1	1	1
"SMGC_286.fa"	1	1	1	1	1	1	1	1	1	1	1	1	0.186099	1	1	1	1	1	1	1	1	1	1	1	1	1	0.185321	0.209334	1	1	1	1	1	1	1	0	1	1	1	1	1	1	1	1	1	1	1	1	1	1	1	1	1	1	1	1	0.204568	1	1	1	1	1	1	1	1	1	1	1	1	1	0.23521	1	1	1	1	1	1	1	1	1	1	1	1	1	1	1	1	1	1	1	1	1	1	1	1	1	1	1	1	1	1	1	1	1	1	1	1	1	1	1	1	1	1	1	1	1	1	1
"SMGC_297.fa"	1	1	1	1	1	1	1	1	1	1	1	1	1	1	1	1	0.239288	1	1	1	1	1	1	1	0.238629	1	1	1	1	0.184111	1	1	1	1	1	1	0	1	1	1	1	1	1	1	1	0.233558	1	1	1	1	1	1	1	1	1	1	1	1	1	0.204176	1	1	1	0.235168	1	1	1	1	1	1	1	1	1	1	1	1	1	1	1	1	1	1	1	1	1	0.194416	1	1	1	1	1	1	1	1	1	1	1	1	1	1	1	1	1	1	1	1	1	1	1	1	1	1	1	1	1	1	1	1
"SMGC_299.fa"	1	1	1	1	1	0.232736	1	0.230527	1	0.236348	0.228798	0.233832	1	1	1	1	1	1	1	1	1	0.22952	0.233095	1	1	1	1	1	0.232645	1	1	1	0.237758	1	1	1	1	0	1	0.230321	0.226297	1	1	0.229328	0.227941	1	0.229974	0.229702	1	1	1	1	1	1	1	1	1	1	1	1	1	1	1	1	1	1	0.238292	1	1	1	1	1	1	1	0.233416	1	0.237852	1	1	1	1	1	1	1	1	1	1	1	1	1	1	1	1	0.214617	1	0.238186	1	0.222619	1	1	1	1	0.23793	0.230007	0.239212	1	0.236504	0.2375	1	0.236084	1	1	1	1	1	1	0.230528	0.228806
"SMGC_301.fa"	1	1	0.217661	1	1	1	1	0.239906	1	0.230391	1	0.239989	1	1	1	1	1	0.224386	0.228017	1	1	1	1	0.230102	1	1	1	1	0.233161	1	1	1	0.225308	0.234034	1	1	1	1	0	1	1	0.218959	0.226849	1	1	1	1	1	1	1	0.227192	0.225548	1	0.232682	1	0.233496	1	1	0.235903	1	1	0.227946	1	1	1	1	0.237613	0.23265	1	1	1	1	1	1	1	1	1	1	1	1	0.212864	0.231407	1	1	1	1	1	0.230799	1	1	1	1	1	1	1	0.227535	1	1	1	1	0.191945	1	1	0.242017	0.234852	1	0.225772	0.226549	0.225601	0.227943	0.225511	0.225166	0.225155	0.225511	0.224203	1	1	0.237807
"SMGC_302.fa"	1	1	1	1	1	1	1	0.223332	1	1	0.230177	0.235172	1	1	1	1	1	1	1	1	1	0.222003	1	1	1	1	1	1	1	1	1	1	1	1	1	1	1	0.227536	1	0	0.201501	1	1	0.23118	0.127524	1	0.231575	0.200373	1	1	1	1	1	1	1	1	1	1	1	1	1	1	1	1	1	1	0.241086	1	1	1	1	1	1	1	0.232216	1	0.23783	1	1	1	1	1	1	1	1	1	1	1	1	1	1	1	1	0.231463	1	1	1	0.238068	1	1	1	1	0.240688	0.223267	1	1	1	1	1	1	1	1	1	1	1	1	0.227728	0.226736
"SMGC_303.fa"	1	1	1	1	1	1	1	0.229085	1	1	0.232123	0.235652	1	1	1	1	1	1	1	1	1	0.22489	1	1	1	1	1	1	0.238493	1	1	1	1	1	1	1	1	0.223232	1	0.203779	0	1	1	0.227836	0.191676	1	0.229232	0.135788	1	1	1	1	1	1	1	1	1	1	1	1	1	1	1	1	1	1	0.241023	1	1	1	1	1	1	1	0.230094	1	0.235089	1	1	1	1	1	1	1	1	1	1	1	1	1	1	1	1	0.230268	1	1	1	1	1	1	1	1	0.244364	0.228234	1	1	0.240239	0.239004	1	0.242594	1	1	1	1	1	1	0.230569	0.227586
"SMGC_304.fa"	1	1	0.226108	1	1	1	1	1	1	0.228664	1	0.230752	1	1	1	1	1	0.214083	0.218378	1	1	1	1	0.227055	1	1	1	1	0.22646	1	1	1	0.225776	0.224232	1	1	1	1	0.218391	1	1	0	0.226727	1	1	1	1	1	1	1	0.22992	0.216415	1	0.225316	1	0.229453	1	1	0.237748	1	1	0.221331	1	1	1	1	0.239362	0.232696	1	1	1	1	1	1	1	1	1	1	1	1	0.151243	0.227651	1	1	1	1	1	0.227995	1	1	1	1	1	1	1	0.221614	1	1	1	1	0.221165	1	1	1	0.228114	1	0.223983	0.223711	0.218377	0.223488	0.218803	0.220221	0.215722	0.220955	0.21725	1	1	1
"SMGC_305.fa"	1	1	0.097793	1	1	1	1	0.24367	1	0.225856	1	0.231386	1	1	1	1	1	0.183965	0.187664	1	1	1	1	0.228981	1	1	1	1	0.225658	1	1	1	0.221349	0.205584	1	1	1	1	0.22591	1	1	0.227788	0	1	1	1	1	1	1	1	0.112861	0.223901	1	0.107146	1	0.213336	1	1	0.223208	1	1	0.102813	1	1	1	1	1	0.231592	1	1	1	1	1	1	1	1	1	1	1	1	0.221849	0.226382	1	1	1	1	1	0.211495	1	1	1	1	1	1	1	0.222201	1	1	0.228227	1	0.229212	1	1	1	0.222498	1	0.223695	0.222471	0.203897	0.220814	0.18705	0.204219	0.205403	0.059476	0.0598439999999999	1	1	1
"SMGC_314.fa"	1	1	1	1	1	0.241554	1	0.220633	1	0.239371	0.22866	0.240579	1	1	1	1	0.253383	1	1	1	1	0.223486	0.238831	1	1	1	1	1	0.238142	0.251549	1	1	0.235459	1	1	1	1	0.227912	1	0.232828	0.231249	1	1	0	0.229537	1	0.181896	0.2328	0.228818	1	1	1	1	1	1	1	1	1	1	1	1	1	1	1	1	1	0.242321	1	1	1	1	1	1	1	0.225669	1	0.237378	1	1	1	0.233599	1	1	1	1	0.25247	1	0.243837	1	1	1	1	1	0.235498	1	0.236977	1	0.233183	1	1	1	1	0.245361	0.223169	0.239688	1	0.23483	0.237594	1	0.239656	1	1	1	1	1	0.233314	0.232486	0.227082
"SMGC_316.fa"	1	1	1	1	1	0.237453	1	0.226064	1	0.23615	0.23066	0.235694	1	1	1	1	1	1	1	1	1	0.223234	0.23848	1	0.249177	1	1	1	0.235103	0.24993	1	1	0.233227	1	1	1	1	0.228965	1	0.127517	0.195696	1	1	0.22906	0	1	0.22676	0.200347	0.233717	1	1	1	1	1	1	1	1	1	1	1	1	1	1	1	1	1	0.240312	1	1	1	1	1	1	1	0.229701	1	0.240485	1	1	1	0.240013	1	1	1	1	0.246951	1	0.241105	1	1	1	1	1	0.229669	1	0.234043	1	0.23585	1	1	1	1	0.242203	0.223975	0.238519	1	0.237077	0.235351	0.24193	0.237257	1	1	1	1	1	0.234353	0.227984	0.229744
"SMGC_324.fa"	1	1	1	1	1	1	1	0.251251	1	1	1	1	1	1	1	1	0.140864	1	1	1	1	1	1	1	0.234905	1	1	1	1	0.238021	1	1	1	1	1	1	0.235231	1	1	1	1	1	1	1	1	0	1	1	1	1	1	1	1	1	1	1	1	1	1	0.238653	1	1	1	0.169477	1	0.239585	0.251479	1	1	1	1	1	1	1	1	1	1	1	1	0.245591	1	1	0.237982	1	1	0.236836	1	1	1	1	1	1	1	1	1	1	1	1	1	1	1	1	1	1	1	1	1	1	1	1	1	1	1	1	1	1	1	1
"SMGC_326.fa"	1	1	1	1	1	0.237909	1	0.223414	1	0.235445	0.227051	0.236386	1	1	1	1	1	1	1	1	1	0.225379	0.23422	1	1	1	1	1	0.235693	1	1	1	0.231531	1	1	1	1	0.227904	1	0.232486	0.230169	1	1	0.179033	0.228634	1	0	0.233063	0.231268	1	1	1	1	1	1	1	1	1	1	1	1	1	1	1	1	1	0.240909	1	1	1	1	1	1	1	0.224464	1	0.235496	1	1	0.249309	0.236911	1	1	1	1	1	1	0.241003	1	0.239728	1	1	1	0.233284	1	0.234565	1	0.232034	1	1	1	1	0.240679	0.22455	0.23843	1	0.231792	0.23414	1	0.237976	1	1	1	1	1	0.229683	0.230299	0.222623
"SMGC_329.fa"	1	1	1	1	1	0.242878	1	0.230856	1	0.238958	0.234289	0.23676	1	1	1	1	1	1	1	1	1	0.225465	0.244133	1	1	1	1	1	0.235609	1	1	1	0.241697	1	1	1	1	0.229156	1	0.198229	0.136775	1	1	0.231232	0.202435	1	0.234662	0	0.240824	1	1	1	1	1	1	1	1	1	1	1	1	1	1	1	1	1	0.240983	1	1	1	1	1	1	1	0.234175	1	0.243361	1	1	1	1	1	1	1	1	1	1	0.244692	1	1	1	1	1	0.227871	1	0.239537	1	0.235854	1	1	1	1	0.242331	0.229499	1	1	0.239885	0.242988	1	0.242507	1	1	1	1	1	0.239248	0.233543	0.233753
"SMGC_33.fa"	1	1	1	1	1	1	1	0.234522	1	1	1	1	1	1	1	1	1	1	1	1	1	1	1	1	1	1	1	1	1	1	1	1	1	1	1	1	1	0.23068	1	1	0.237012	1	1	0.22845	0.229857	1	0.230697	0.238268	0	1	1	1	1	1	1	1	1	1	1	1	1	1	1	1	1	1	1	1	1	1	1	1	1	1	1	1	1	1	1	1	1	1	1	1	1	1	1	1	1	1	1	1	1	0.238393	1	1	1	1	1	1	1	1	1	0.239001	1	1	1	1	1	1	1	1	1	1	1	0.126615	1	0.235136
"SMGC_336.fa"	1	0.206286	1	1	1	1	0.0767140000000001	1	1	1	1	1	1	0.060451	1	1	1	1	1	1	1	1	1	1	1	1	1	1	1	1	1	1	1	1	1	1	1	1	1	1	1	1	1	1	1	1	1	1	1	0	1	1	1	1	1	1	1	1	1	1	1	1	0.218287	1	1	1	1	1	1	1	1	1	1	0.14609	1	1	1	1	1	1	1	1	1	0.08697	1	1	1	1	1	1	0.218925	0.073253	1	1	0.074969	1	1	1	1	1	1	1	1	1	1	1	1	1	1	1	1	1	1	1	1	1	1	1
"SMGC_337.fa"	1	1	0.122683	1	1	1	1	1	1	0.222412	1	0.23051	1	1	1	1	1	0.186742	0.18898	1	1	1	1	0.229032	1	1	1	1	0.227594	1	1	1	0.226085	0.20873	1	1	1	1	0.22292	1	1	0.231775	0.112355	1	1	1	1	1	1	1	0	0.231312	1	0.0927089999999999	1	0.216651	1	1	0.228222	1	1	0.058068	1	1	1	1	1	0.233128	1	1	1	1	1	1	1	1	1	1	1	1	0.22657	0.223307	1	1	1	1	1	0.215358	1	1	1	1	1	1	1	0.224032	1	1	1	1	0.223848	1	1	1	0.223607	1	0.225601	0.225216	0.208843	0.223773	0.188017	0.209402	0.206841	0.112354	0.112454	1	1	1
"SMGC_338.fa"	1	1	0.223327	1	1	1	1	1	1	0.226087	1	0.23416	1	1	1	1	1	0.224661	0.227373	1	1	1	1	0.0497620000000001	1	1	1	1	0.229614	1	1	1	0.225794	0.227904	1	1	1	1	0.224343	1	1	0.215127	0.226128	1	1	1	1	1	1	1	0.231571	0	1	0.227357	1	0.229799	1	1	1	1	1	0.216003	1	1	1	1	0.237079	0.226478	1	1	1	1	1	1	1	1	1	1	1	1	0.222111	0.225863	1	1	1	1	1	0.229081	1	1	1	1	1	1	1	0.225094	1	1	1	1	0.228107	1	1	1	0.22636	1	0.219694	0.222615	0.213129	0.21683	0.231331	0.214145	0.212875	0.219057	0.217179	1	1	1
"SMGC_340.fa"	1	1	1	1	1	1	1	1	1	1	1	1	1	1	1	1	1	1	1	1	1	1	1	1	1	1	1	1	1	1	1	1	1	1	1	1	1	1	1	1	1	1	1	1	1	1	1	1	1	1	1	1	0	1	1	1	1	1	1	1	1	1	1	1	1	1	1	1	1	1	1	1	1	1	1	1	1	1	1	1	1	1	1	1	1	1	1	1	1	1	1	1	1	1	1	1	1	1	1	1	1	1	1	1	1	1	1	1	1	1	1	1	1	1	1	1	1	1
"SMGC_343.fa"	1	1	0.123382	1	1	1	1	1	1	0.227852	1	0.233137	1	1	1	1	1	0.190004	0.191663	1	1	1	1	0.234156	1	1	1	1	0.2269	1	1	1	0.225061	0.20734	1	1	1	1	0.228156	1	1	0.221125	0.108127	1	1	1	1	1	1	1	0.094418	0.227757	1	0	1	0.214636	1	1	0.224356	1	1	0.0932040000000001	1	1	1	1	1	0.22811	1	1	1	1	1	1	1	1	1	1	1	1	0.228185	0.225701	1	1	1	1	1	0.215847	1	1	1	1	1	1	1	0.224816	1	1	0.232202	1	0.230066	1	1	1	0.227879	1	0.221173	0.225669	0.206027	0.222936	0.188911	0.208057	0.20633	0.106258	0.112393	1	1	1
"SMGC_345.fa"	1	1	1	1	1	0.216269	1	1	1	1	1	1	1	1	1	1	1	1	1	1	1	1	0.182738	1	1	1	1	1	1	1	1	1	1	1	0.139664	1	1	1	1	1	1	1	1	1	1	1	1	1	1	1	1	1	1	1	0	1	1	0.118282	1	1	1	1	1	1	1	1	1	1	1	1	1	1	1	1	1	1	1	1	1	1	1	1	1	1	1	1	1	1	1	1	1	1	1	1	1	1	1	1	1	1	1	1	1	1	1	1	1	1	1	1	1	1	1	1	1	1	1	1
"SMGC_35.fa"	1	1	0.217298	1	1	1	1	1	1	0.233463	1	0.237556	1	1	1	1	1	0.219723	0.217606	1	1	1	1	0.232778	1	1	1	1	0.230185	1	1	1	0.225993	0.066516	1	1	1	1	0.236326	1	1	0.229396	0.211573	1	1	1	1	1	1	1	0.21714	0.230006	1	0.21387	1	0	1	1	0.170628	1	1	0.211362	1	1	1	1	1	0.234006	1	1	1	1	1	1	1	1	1	1	1	1	0.226229	0.227476	1	1	1	1	1	0.171138	1	1	1	1	1	1	1	0.22768	1	1	0.0799179999999999	1	0.240453	1	1	1	0.228819	1	0.226664	0.228469	0.158551	0.225145	0.21946	0.0688030000000001	0.208886	0.211742	0.212575	1	1	1
"SMGC_357.fa"	1	1	1	1	1	1	1	1	1	1	1	1	0.19784	1	1	1	1	1	1	1	1	1	1	1	1	1	0.202906	0.204924	1	1	1	1	1	1	1	0.203184	1	1	1	1	1	1	1	1	1	1	1	1	1	1	1	1	1	1	1	1	0	1	1	1	1	1	1	1	1	1	1	1	1	1	0.227482	1	1	1	1	1	1	1	1	1	1	1	1	1	1	1	1	1	1	1	1	1	1	1	1	1	1	1	1	1	1	1	1	1	1	1	1	1	1	1	1	1	1	1	1	1	1	1
"SMGC_36.fa"	1	1	1	1	1	0.21837	1	1	1	1	1	1	1	1	1	1	1	1	1	1	1	1	0.186634	1	1	1	1	1	1	1	1	1	1	1	0.148215	1	1	1	1	1	1	1	1	1	1	1	1	1	1	1	1	1	1	1	0.118924	1	1	0	1	1	1	1	1	1	1	1	1	1	1	1	1	1	1	1	1	1	1	1	1	1	1	1	1	1	1	1	1	1	1	1	1	1	1	1	1	1	1	1	1	1	1	1	1	1	1	1	1	1	1	1	1	1	1	1	1	1	1	1
"SMGC_362.fa"	1	1	0.222222	1	1	1	1	1	1	0.238044	1	0.238681	1	1	1	1	1	0.223572	0.223301	1	1	1	1	1	1	1	1	1	0.233349	1	1	1	0.23206	0.167093	1	1	1	1	0.236157	1	1	1	0.21873	1	1	1	1	1	1	1	0.22747	1	1	0.224195	1	0.171728	1	1	0	1	1	0.224197	1	1	1	1	1	0.238299	1	1	1	1	1	1	1	1	1	1	1	1	0.238125	0.233112	1	1	1	1	1	0.179214	1	1	1	1	1	1	1	0.232572	1	1	0.185384	1	1	1	1	1	0.23431	1	0.231733	0.231225	0.057968	0.231519	0.222503	0.17103	0.21682	0.216462	0.21722	1	1	1
"SMGC_37.fa"	1	1	1	1	1	1	1	1	1	1	1	1	1	1	1	1	0.236162	1	1	1	1	1	1	1	0.237511	1	1	1	1	0.205389	1	1	1	1	1	1	0.201395	1	1	1	1	1	1	1	1	0.236817	1	1	1	1	1	1	1	1	1	1	1	1	1	0	1	1	1	0.234955	1	0.242763	0.253617	1	1	1	1	1	1	1	1	1	1	1	1	0.247137	1	1	0.245034	1	1	0.193093	1	1	1	1	1	1	1	1	1	1	1	1	1	1	1	1	1	1	1	1	1	1	1	1	1	1	1	1	1	1	1	1
"SMGC_375.fa"	1	1	1	1	1	1	1	1	1	1	1	1	1	1	1	1	1	1	1	1	1	1	1	1	1	1	1	1	1	1	1	1	1	1	1	1	1	1	1	1	1	1	1	1	1	1	1	1	1	1	1	1	1	1	1	1	1	1	1	1	0	1	1	1	1	1	1	1	1	1	1	1	1	1	1	1	1	1	1	1	1	1	1	1	1	1	1	1	1	1	1	1	1	1	1	1	1	1	1	1	1	1	1	1	1	1	1	1	1	1	1	1	1	1	1	1	1	1
"SMGC_38.fa"	1	1	0.102839	1	1	1	1	1	1	0.223594	1	0.234838	1	1	1	1	1	0.187416	0.188242	1	1	1	1	0.229973	1	1	1	1	0.223708	1	1	1	0.221889	0.208353	1	1	1	1	0.225462	1	1	0.222808	0.1039	1	1	1	1	1	1	1	0.0601	0.221568	1	0.0940260000000001	1	0.213043	1	1	0.225399	1	1	0	1	1	1	1	1	0.225693	1	1	1	1	1	1	1	1	1	1	1	1	0.222811	0.223555	1	1	1	1	1	0.215421	1	1	1	1	1	1	1	0.225512	1	1	0.230485	1	0.229038	1	1	1	0.226406	1	0.222001	0.221385	0.201731	0.218443	0.190368	0.207424	0.195827	0.102153	0.104035	1	1	1
"SMGC_383.fa"	1	0.22756	1	1	1	1	0.22035	1	1	1	1	1	1	0.223807	1	1	1	1	1	1	1	1	1	1	1	1	1	1	1	1	1	1	1	1	1	1	1	1	1	1	1	1	1	1	1	1	1	1	1	0.217699	1	1	1	1	1	1	1	1	1	1	1	1	0	1	1	1	1	1	1	1	1	1	1	0.223588	1	1	1	1	1	1	1	1	1	1	1	1	1	1	1	1	0.226686	0.224353	1	1	0.220577	1	1	1	1	1	1	1	1	1	1	1	1	1	1	1	1	1	1	1	1	1	1	1
"SMGC_384.fa"	1	1	1	1	1	1	1	1	1	1	1	1	1	1	1	1	0.161143	1	1	1	1	1	1	1	0.235657	1	1	1	1	0.236479	1	1	1	1	1	1	1	1	1	1	1	1	1	1	1	0.16836	1	1	1	1	1	1	1	1	1	1	1	1	1	0.235687	1	1	1	1.00000000002876e-06	1	0.235096	0.249203	1	1	1	1	1	1	1	1	1	1	1	1	0.246363	1	1	0.239693	1	1	0.23446	1	1	1	1	1	1	1	1	1	1	1	1	1	1	1	1	1	1	1	1	1	1	1	1	1	1	1	1	1	1	1	1
"SMGC_385.fa"	1	1	1	1	1	1	1	1	1	1	1	1	1	1	1	1	1	1	1	1	1	1	1	1	1	1	1	1	1	1	1	1	1	1	1	1	1	1	1	1	1	1	1	1	1	1	1	1	1	1	1	1	1	1	1	1	1	1	1	1	1	1	1	1	0	1	1	1	1	1	1	1	1	1	1	1	1	1	1	1	1	1	1	1	1	1	1	1	1	1	1	1	1	1	1	1	1	1	1	1	1	1	1	1	1	1	1	1	1	1	1	1	1	1	1	1	1	1
"SMGC_390.fa"	1	1	1	1	1	1	1	1	1	1	1	1	1	1	1	1	0.241476	1	1	1	1	1	1	1	0.244709	1	1	1	1	0.243084	1	1	1	1	1	1	0.241903	1	1	1	1	1	1	1	1	0.239791	1	1	1	1	1	1	1	1	1	1	1	1	1	0.244639	1	1	1	0.239469	1	0	1	1	1	1	1	1	1	1	1	1	1	1	1	1	1	1	0.244456	1	1	0.236745	1	1	1	1	1	1	1	1	1	1	1	1	1	1	1	1	1	1	1	1	1	1	1	1	1	1	1	1	1	1	1	1
"SMGC_392.fa"	1	1	1	1	1	0.243639	1	0.239482	1	0.24255	0.241526	0.242006	1	1	1	1	0.25201	1	0.242368	1	1	0.239953	0.245721	0.243428	0.250823	1	1	1	0.237039	0.253356	1	1	0.238924	1	1	1	1	0.239865	0.241027	0.241506	0.244546	0.241233	1	0.24282	0.242597	0.250538	0.240853	0.242576	1	1	1	0.238954	1	1	1	1	1	1	1	0.253045	1	1	1	0.249823	1	1	0	1	1	1	1	1	1	1	0.243414	1	0.247219	1	1	0.252626	0.232936	0.23746	0.249904	1	1	0.253146	1	0.239476	1	1	1	1	1	0.236231	1	0.237078	1	0.237632	1	1	0.241836	1	0.224863	0.240061	0.238057	1	0.238263	0.238455	0.242214	0.240791	1	0.242181	0.238869	0.244194	1	1	0.241009	0.239666
"SMGC_395.fa"	1	1	0.23049	1	1	1	1	1	1	0.210251	1	0.233614	1	1	1	1	1	0.22633	0.225655	1	1	1	1	1	1	1	1	1	0.220724	1	0.22263	1	0.209952	0.226993	1	1	1	1	0.23393	1	1	0.235454	0.227083	1	1	1	1	1	1	1	0.23053	0.229715	1	0.225413	1	0.23324	1	1	0.237849	1	1	0.22467	1	1	1	1	1	0	1	1	1	1	1	1	1	1	1	1	1	1	0.229923	0.208997	1	1	0.237426	1	1	0.230306	1	1	1	1	1	1	1	0.212007	1	1	1	1	1	1	1	1	0.222696	1	0.2135	0.208417	0.224802	0.207888	0.228787	0.224896	0.226541	0.22461	0.224968	1	1	1
"SMGC_416.fa"	1	1	1	1	1	1	1	1	1	1	1	1	1	1	1	1	1	1	1	1	1	1	1	1	1	1	1	1	1	1	1	1	1	1	1	1	1	1	1	1	1	1	1	1	1	1	1	1	1	1	1	1	1	1	1	1	1	1	1	1	1	1	1	1	1	1	1	1	0	1	1	1	1	1	1	1	1	1	1	1	1	1	1	1	1	1	1	1	1	1	1	1	1	1	1	1	1	1	1	1	1	1	1	1	1	1	1	1	1	1	1	1	1	1	1	1	1	1
"SMGC_418.fa"	1	1	1	1	1	1	1	1	1	1	1	1	1	1	1	1	1	1	1	1	1	1	1	1	1	1	1	1	1	1	1	1	1	1	1	1	1	1	1	1	1	1	1	1	1	1	1	1	1	1	1	1	1	1	1	1	1	1	1	1	1	1	1	1	1	1	1	1	1	0	1	1	1	1	1	1	1	1	1	1	1	1	1	1	1	1	1	1	1	1	1	1	1	1	1	1	1	1	1	1	1	1	1	1	1	1	1	1	1	1	1	1	1	1	1	1	1	1
"SMGC_434.fa"	1	1	1	1	1	1	1	1	1	1	1	1	0.225712	1	1	1	1	1	1	1	1	1	1	1	1	1	0.23212	0.227145	1	1	1	1	1	1	1	0.234025	1	1	1	1	1	1	1	1	1	1	1	1	1	1	1	1	1	1	1	1	0.224827	1	1	1	1	1	1	1	1	1	1	1	1	1	0	1	1	1	1	1	1	1	1	1	1	1	1	1	1	1	1	1	1	1	1	1	1	1	1	1	1	1	1	1	1	1	1	1	1	1	1	1	1	1	1	1	1	1	1	1	1	1
"SMGC_436.fa"	1	1	1	1	1	1	1	1	1	1	1	1	1	1	1	1	1	1	1	1	1	1	1	1	1	1	1	1	1	1	1	1	1	1	1	1	1	1	1	1	1	1	1	1	1	1	1	1	1	1	1	1	1	1	1	1	1	1	1	1	1	1	1	1	1	1	1	1	1	1	1	1.00000000002876e-06	1	1	1	1	1	1	1	1	1	1	1	1	1	1	1	1	1	1	1	1	1	1	1	1	1	1	1	1	1	1	1	1	1	1	1	1	1	1	1	1	1	1	1	1	1	1
"SMGC_45.fa"	1	1	1	1	1	1	1	1	1	1	1	1	1	1	1	1	1	1	1	1	1	1	1	1	1	1	1	1	1	1	1	1	1	1	1	1	1	1	1	1	1	1	1	1	1	1	1	1	1	1	1	1	1	1	1	1	1	1	1	1	1	1	1	1	1	1	1	1	1	1	1	1	0	1	1	1	1	1	1	1	1	1	1	1	1	1	1	1	1	1	1	1	1	1	1	1	1	1	1	1	1	1	1	1	1	1	1	1	1	1	1	1	1	1	1	1	1	1
"SMGC_464.fa"	1	0.221428	1	1	1	1	0.140005	1	1	1	1	1	1	0.146553	1	1	1	1	1	1	1	1	1	1	1	1	1	1	1	1	1	1	1	1	1	1	1	1	1	1	1	1	1	1	1	1	1	1	1	0.144309	1	1	1	1	1	1	1	1	1	1	1	1	0.220105	1	1	1	1	1	1	1	1	1	1	0	1	1	1	1	1	1	1	1	1	0.150304	1	1	1	1	1	1	0.217274	0.139235	1	1	0.145667	1	1	1	1	1	1	1	1	1	1	1	1	1	1	1	1	1	1	1	1	1	1	1
"SMGC_469.fa"	1	1	1	1	1	1	1	0.15127	1	1	0.234617	0.238819	1	1	1	1	1	1	1	1	1	0.152705	1	1	1	1	1	1	0.232139	1	1	1	0.237247	1	1	1	1	0.231777	1	0.234393	0.233735	1	1	0.225328	0.229381	1	0.225218	0.233012	1	1	1	1	1	1	1	1	1	1	1	1	1	1	1	1	1	1	0.240371	1	1	1	1	1	1	1	0	1	0.24004	1	1	1	1	1	1	1	1	1	1	0.241685	1	1	1	1	1	0.236539	1	0.237557	1	0.237847	1	1	1	1	0.241649	0.221025	1	1	0.238094	0.237436	1	0.234653	1	1	1	1	1	1	0.219405	0.217288
"SMGC_473.fa"	1	1	1	1	1	1	1	1	1	1	1	1	1	1	1	1	1	1	1	1	1	1	1	1	1	1	1	1	1	1	1	1	1	1	1	1	1	1	1	1	1	1	1	1	1	1	1	1	1	1	1	1	1	1	1	1	1	1	1	1	1	1	1	1	1	1	1	1	1	1	1	1	1	1	1	0	1	1	1	1	1	1	1	1	1	1	1	1	1	1	1	1	1	1	1	1	1	1	1	1	1	1	1	1	1	1	1	1	1	1	1	1	1	1	1	1	1	1
"SMGC_481.fa"	1	1	1	1	1	1	1	0.242314	1	1	0.201383	0.24186	1	1	1	1	1	1	1	1	1	0.24158	1	1	1	1	1	1	1	1	1	1	1	1	1	1	1	0.239872	1	0.240668	0.238187	1	1	0.23526	0.24063	1	0.236983	0.242352	1	1	1	1	1	1	1	1	1	1	1	1	1	1	1	1	1	1	0.247671	1	1	1	1	1	1	1	0.242251	1	0	1	1	1	1	1	1	1	1	1	1	1	1	1	1	1	1	0.245039	1	1	1	1	1	1	1	1	1	0.239186	1	1	1	1	1	1	1	1	1	1	1	1	1	0.241794
"SMGC_485.fa"	1	1	1	1	1	1	1	1	1	1	1	1	1	1	1	1	1	1	1	1	1	1	1	1	1	1	1	1	1	1	1	1	1	1	1	1	1	1	1	1	1	1	1	1	1	1	1	1	1	1	1	1	1	1	1	1	1	1	1	1	1	1	1	1	1	1	1	1	1	1	1	1	1	1	1	1	1	0	1	1	1	1	1	1	1	1	1	1	1	1	1	1	1	1	1	1	1	1	1	1	1	1	1	1	1	1	1	1	1	1	1	1	1	1	1	1	1	1
"SMGC_490.fa"	1	1	1	1	1	1	1	1	1	1	1	1	1	1	1	1	1	1	1	1	1	1	1	1	1	1	1	1	1	1	1	1	1	1	1	1	1	1	1	1	1	1	1	1	1	1	1	1	1	1	1	1	1	1	1	1	1	1	1	1	1	1	1	1	1	1	1	1	1	1	1	1	1	1	1	1	1	1	0	1	1	1	1	1	1	1	1	1	1	0.218047	1	1	1	1	1	1	0.216246	1	1	1	1	1	1	1	1	1	1	1	1	1	1	1	1	1	1	1	1	1
"SMGC_506.fa"	1	1	1	1	1	1	1	0.251721	1	1	1	1	1	1	1	1	0.244349	1	1	1	1	1	1	1	0.242683	1	1	1	1	0.24945	1	1	1	1	1	1	1	1	1	1	1	1	1	1	1	0.245559	0.25012	1	1	1	1	1	1	1	1	1	1	1	1	0.246938	1	1	1	0.246505	1	1	0.250173	1	1	1	1	1	1	1	1	1	1	1	1	0	1	1	0.249855	1	1	0.248123	1	1	1	1	1	1	1	1	1	1	1	1	1	1	1	1	1	1	1	1	1	1	1	1	1	1	1	1	1	1	1	1
"SMGC_507.fa"	1	1	0.224807	1	1	1	1	0.233464	1	0.226759	1	0.229929	1	1	1	1	1	0.222518	0.227067	1	1	0.237256	1	0.22663	1	1	1	1	0.224379	1	0.233811	1	0.220046	0.224777	1	1	1	1	0.2123	1	1	0.152566	0.226559	0.237015	0.240563	1	0.23654	0.238328	1	1	0.229042	0.224865	1	0.228062	1	0.226467	1	1	0.238839	1	1	0.225018	1	1	1	1	0.231226	0.230712	1	1	1	1	1	1	1	1	1	1	1	1	0	0.227252	1	1	1	1	1	0.222139	1	1	1	1	1	0.242758	1	0.221896	1	1	1	1	0.218861	1	0.240904	0.232545	0.229055	1	0.222383	0.220984	0.222006	0.221072	0.228542	0.225884	0.22394	0.216793	0.224068	1	1	0.236696
"SMGC_51.fa"	1	1	0.226125	1	1	1	1	1	1	0.189155	1	0.232	1	1	1	1	1	0.230203	0.22571	1	1	1	1	0.232844	1	1	1	1	0.215543	1	0.189933	1	0.175107	0.222376	1	1	1	1	0.235574	1	1	0.227138	0.224087	1	0.245408	1	1	1	1	1	0.225666	0.228659	1	0.225365	1	0.22815	1	1	0.231367	1	1	0.225343	1	1	1	1	0.238983	0.20843	1	1	1	1	1	1	1	1	1	1	1	1	0.224815	0	1	1	0.229748	1	1	0.223354	1	1	1	1	1	1	1	0.177805	1	1	1	1	0.23247	0.228422	1	1	0.213776	1	0.177668	0.174936	0.220757	0.202722	0.229948	0.221497	0.22541	0.224221	0.222303	1	1	1
"SMGC_512.fa"	1	1	1	1	1	1	1	1	1	1	1	1	1	1	1	1	0.23615	1	1	1	1	1	1	1	0.203372	1	1	1	1	0.247238	1	1	1	1	1	1	1	1	1	1	1	1	1	1	1	0.239818	1	1	1	1	1	1	1	1	1	1	1	1	1	0.246202	1	1	1	0.240578	1	0.240324	0.250487	1	1	1	1	1	1	1	1	1	1	1	1	0.249174	1	1	0	1	1	0.240772	1	1	1	1	1	1	1	1	1	1	1	1	1	1	1	1	1	1	1	1	1	1	1	1	1	1	1	1	1	1	1	1
"SMGC_515.fa"	1	1	1	1	1	1	0.070647	1	1	1	1	1	1	0.086352	1	1	1	1	1	1	1	1	1	1	1	1	1	1	1	1	1	1	1	1	1	1	1	1	1	1	1	1	1	1	1	1	1	1	1	0.075012	1	1	1	1	1	1	1	1	1	1	1	1	1	1	1	1	1	1	1	1	1	1	1	0.148939	1	1	1	1	1	1	1	1	1	0	1	1	1	1	1	1	1	0.0793510000000001	1	1	0.0849259999999999	1	1	1	1	1	1	1	1	1	1	1	1	1	1	1	1	1	1	1	1	1	1	1
"SMGC_523.fa"	1	1	1	1	1	1	1	1	1	0.228734	1	1	1	1	1	1	1	1	1	1	1	1	1	1	1	1	1	1	0.229978	1	1	1	0.224559	1	1	1	1	1	1	1	1	1	1	1	1	1	1	1	1	1	1	1	1	1	1	1	1	1	1	1	1	1	1	1	1	1	1	0.234915	1	1	1	1	1	1	1	1	1	1	1	1	1	0.228324	1	1	0	1	1	0.243514	1	1	1	1	1	1	1	0.226357	1	1	1	1	1	1	1	1	0.231453	1	0.225288	0.225117	0.240834	0.231676	1	0.240997	0.245125	1	0.242503	1	1	1
"SMGC_528.fa"	1	1	1	1	1	1	1	0.248422	1	1	1	1	1	1	1	1	0.23968	1	1	1	1	1	1	1	0.236453	1	1	1	1	0.197533	1	1	1	1	1	1	0.195414	1	1	1	1	1	1	0.250055	0.25054	0.24009	1	1	1	1	1	1	1	1	1	1	1	1	1	0.195302	1	1	1	0.235614	1	0.235469	0.252908	1	1	1	1	1	1	1	1	1	1	1	1	0.246958	1	1	0.242086	1	1	0	1	1	1	1	1	1	1	1	1	1	1	1	1	1	1	1	1	0.249654	1	1	1	1	1	1	1	1	1	1	1	1	1	1
"SMGC_53.fa"	1	1	1	1	0.210465	1	1	1	1	1	1	1	1	1	1	1	1	1	1	1	1	1	1	1	1	1	1	1	1	1	1	1	1	1	1	1	1	1	1	1	1	1	1	1	1	1	1	1	1	1	1	1	1	1	1	1	1	1	1	1	1	1	1	1	1	1	1	1	1	1	1	1	1	1	1	1	1	1	1	1	1	1	1	1	1	1	0	1	1	1	1	1	1	1	1	1	1	1	1	1	1	1	1	1	1	1	1	1	1	1	1	1	1	1	1	1	1	1
"SMGC_531.fa"	1	1	0.21397	1	1	1	1	0.235919	1	0.220709	0.239732	0.228754	1	1	1	1	1	0.212716	0.214385	1	1	0.236107	1	0.234462	1	1	1	1	0.226228	1	0.222153	1	0.213534	0.167187	1	1	1	1	0.231544	1	1	0.228562	0.209981	0.24271	0.239405	1	0.240894	0.243754	1	1	0.217789	0.229665	1	0.215716	1	0.171204	1	1	0.17785	1	1	0.215196	1	1	1	1	0.243887	0.231672	1	1	1	1	1	1	0.241974	1	1	1	1	1	0.222488	0.222587	1	1	1	1	1	0	1	1	1	1	1	1	1	0.216078	1	1	0.188587	1	0.232779	1	0.242794	0.242192	0.225103	1	0.215772	0.216556	0.162408	0.219982	0.215186	0.168083	0.20512	0.207474	0.207934	1	1	0.235947
"SMGC_538.fa"	1	1	1	1	1	1	1	1	1	1	1	1	1	1	1	1	1	1	1	1	1	1	1	1	1	1	1	1	1	1	1	1	1	1	1	1	1	1	1	1	1	1	1	1	1	1	1	1	1	1	1	1	1	1	1	1	1	1	1	1	1	1	1	1	1	1	1	1	1	1	1	1	1	1	1	1	1	1	1	1	1	1	1	1	1	1	1	1	0	1	1	1	1	1	1	1	1	1	1	1	1	1	1	1	1	1	1	1	1	1	1	1	1	1	1	1	1	1
"SMGC_539.fa"	1	1	1	1	1	1	1	0.233418	1	1	1	1	1	1	1	1	1	1	1	1	1	0.233041	1	1	1	0.227463	1	1	1	1	1	1	1	1	1	1	1	1	1	1	1	1	1	1	1	1	0.240948	1	1	1	1	1	1	1	1	1	1	1	1	1	1	1	1	1	1	1	1	1	1	1	1	1	1	1	1	1	1	1	0.220285	1	1	1	1	1	1	1	1	1	1	0	1	1	1	1	1	1	0.220528	1	1	1	1	1	1	0.234701	1	1	1	1	1	1	1	1	1	1	1	1	0.234289	0.231091
"SMGC_540.fa"	1	1	1	1	1	1	0.208408	1	1	1	1	1	1	0.216273	1	1	1	1	1	1	1	1	1	1	1	1	1	1	1	1	1	1	1	1	1	1	1	1	1	1	1	1	1	1	1	1	1	1	1	0.216673	1	1	1	1	1	1	1	1	1	1	1	1	0.223994	1	1	1	1	1	1	1	1	1	1	0.220015	1	1	1	1	1	1	1	1	1	1	1	1	1	1	1	1	0	0.215942	1	1	0.216152	1	1	1	1	1	1	1	1	1	1	1	1	1	1	1	1	1	1	1	1	1	1	1
"SMGC_541.fa"	1	0.22292	1	1	1	1	0.069935	1	1	1	1	1	1	0.072963	1	1	1	1	1	1	1	1	1	1	1	1	1	1	1	1	1	1	1	1	1	1	1	1	1	1	1	1	1	1	1	1	1	1	1	0.0711109999999999	1	1	1	1	1	1	1	1	1	1	1	1	0.22457	1	1	1	1	1	1	1	1	1	1	0.138456	1	1	1	1	1	1	1	1	1	0.0854980000000001	1	1	1	1	1	1	0.221549	0	1	1	0.073557	1	1	1	1	1	1	1	1	1	1	1	1	1	1	1	1	1	1	1	1	1	1	1
"SMGC_544.fa"	1	1	1	1	1	1	1	1	1	1	1	1	1	1	1	1	1	1	1	1	1	1	1	1	1	1	1	1	1	1	1	1	1	1	1	1	1	1	1	1	1	1	1	1	1	1	1	1	1	1	1	1	1	1	1	1	1	1	1	1	1	1	1	1	1	1	1	1	1	1	1	1	1	1	1	1	1	1	1	1	1	1	1	1	1	1	1	1	1	1	1	1	1.00000000002876e-06	1	1	1	1	1	1	1	1	1	1	1	1	1	1	1	1	1	1	1	1	1	1	1	1	1
"SMGC_545.fa"	1	1	1	1	1	0.238483	1	0.232813	1	0.243291	0.236125	0.237525	1	1	1	1	1	1	1	1	1	0.231647	0.237732	1	1	1	1	1	0.237565	1	1	1	0.241524	1	1	1	1	0.216251	1	0.233449	0.229941	1	1	0.233544	0.231695	1	0.235855	0.227461	0.241833	1	1	1	1	1	1	1	1	1	1	1	1	1	1	1	1	1	0.236176	1	1	1	1	1	1	1	0.233121	1	0.243337	1	1	1	0.243081	1	1	1	1	1	1	1	1	1	1	1	1	0	1	1	1	0.227997	1	1	1	1	0.240328	0.232075	0.238777	1	1	0.242427	1	0.24387	1	1	1	1	1	0.238054	0.234245	0.232085
"SMGC_55.fa"	1	0.210882	1	1	1	1	0.07585	1	1	1	1	1	1	0.0754649999999999	1	1	1	1	1	1	1	1	1	1	1	1	1	1	1	1	1	1	1	1	1	1	1	1	1	1	1	1	1	1	1	1	1	1	1	0.074348	1	1	1	1	1	1	1	1	1	1	1	1	0.220155	1	1	1	1	1	1	1	1	1	1	0.145614	1	1	1	1	1	1	1	1	1	0.0903480000000001	1	1	1	1	1	1	0.218881	0.078114	1	1	0	1	1	1	1	1	1	1	1	1	1	1	1	1	1	1	1	1	1	1	1	1	1	1
"SMGC_56.fa"	1	1	0.222072	1	1	1	1	0.227028	1	0.147355	0.23565	0.217953	1	1	1	1	1	0.223295	0.222464	1	1	0.227999	1	0.230231	1	1	1	1	0.200501	1	0.080398	1	0.0646840000000001	0.222144	1	1	1	0.234985	0.230225	1	0.237571	0.223554	0.222139	0.232944	0.235459	1	0.234116	0.23863	1	1	0.222887	0.225288	1	0.220262	1	0.226598	1	1	0.234299	1	1	0.222434	1	1	1	1	0.236576	0.210931	1	1	1	1	1	1	0.234321	1	1	1	1	1	0.220951	0.175868	1	1	0.227494	1	1	0.217936	1	1	1	1	1	0.237689	1	0	1	1	1	1	0.230477	0.217715	0.237445	0.231989	0.206915	1	0.050497	0.0773699999999999	0.216952	0.186277	0.222222	0.215852	0.215055	0.222822	0.216488	1	0.237589	0.230281
"SMGC_573.fa"	1	1	1	1	1	1	1	1	1	1	1	1	1	1	1	1	1	1	1	1	1	1	1	1	1	1	1	1	1	1	1	1	1	1	1	1	1	1	1	1	1	1	1	1	1	1	1	1	1	1	1	1	1	1	1	1	1	1	1	1	1	1	1	1	1	1	1	1	1	1	1	1	1	1	1	1	1	1	0.216356	1	1	1	1	1	1	1	1	1	1	0.220365	1	1	1	1	1	1	0	1	1	1	1	1	1	1	1	1	1	1	1	1	1	1	1	1	1	1	1	1
"SMGC_590.fa"	1	1	1	1	1	1	1	0.229276	1	1	0.234289	0.242752	1	1	1	1	1	1	1	1	1	0.233835	1	1	1	1	1	1	1	1	1	1	1	1	1	1	1	0.223102	1	1	1	1	1	0.233734	0.23273	1	0.229206	1	1	1	1	1	1	1	1	1	1	1	1	1	1	1	1	1	1	1	0.236721	1	1	1	1	1	1	1	0.237023	1	1	1	1	1	1	1	1	1	1	1	1	1	1	1	1	1	1	0.226781	1	1	1	0	1	1	1	1	1	0.233929	1	1	1	1	1	1	1	1	1	1	1	1	0.236788	0.23172
"SMGC_601.fa"	1	1	0.235007	1	1	1	1	1	1	1	1	1	1	1	1	1	1	0.228774	0.235597	1	1	1	1	1	1	1	1	1	1	1	1	1	1	0.0487050000000001	1	1	1	1	1	1	1	1	0.232201	1	1	1	1	1	1	1	1	1	1	0.229772	1	0.0727549999999999	1	1	0.182159	1	1	0.226143	1	1	1	1	1	1	1	1	1	1	1	1	1	1	1	1	1	1	1	1	1	1	1	1	1	0.189123	1	1	1	1	1	1	1	1	1	1	0	1	1	1	1	1	1	1	1	1	0.174789	1	0.229586	0.0599	0.218951	0.217404	0.22775	1	1	1
"SMGC_611.fa"	1	1	1	1	1	1	1	1	1	1	1	1	1	1	1	1	1	1	1	1	1	1	1	1	1	1	1	1	1	1	1	1	1	1	1	1	1	1	1	1	1	1	1	1	1	1	1	1	1	1	1	1	1	1	1	1	1	1	1	1	1	1	1	1	1	1	1	1	1	1	1	1	1	1	1	1	1	1	1	1	1	1	1	1	1	1	1	1	1	1	1	1	1	1	1	1	1	1	1	0	1	1	1	1	1	1	1	1	1	1	1	1	1	1	1	1	1	1
"SMGC_617.fa"	1	1	0.225407	1	1	1	1	1	1	0.230965	1	0.23638	1	1	1	1	1	0.229874	0.22869	1	1	1	1	0.230345	1	1	1	1	0.230128	1	1	1	0.228834	0.232673	1	1	1	1	0.191774	1	1	0.223525	0.226794	1	1	1	1	1	1	1	0.227669	0.228118	1	0.231302	1	0.240117	1	1	1	1	1	0.227577	1	1	1	1	0.239723	0.237986	1	1	1	1	1	1	1	1	1	1	1	1	0.217519	0.234987	1	1	1	1	1	0.231734	1	1	1	1	1	1	1	0.232628	1	1	1	1	0	1	1	1	0.231233	1	0.227128	0.228117	0.226582	0.228606	0.223031	0.224586	0.221929	0.222541	0.222799	1	1	0.236461
"SMGC_619.fa"	1	1	1	1	1	1	1	1	1	0.213978	1	1	1	1	1	1	1	1	1	1	1	1	1	1	1	1	1	1	0.219605	1	1	1	0.210391	1	1	1	1	1	1	1	1	1	1	1	1	1	1	1	1	1	1	1	1	1	1	1	1	1	1	1	1	1	1	1	1	1	1	1	1	1	1	1	1	1	1	1	1	1	1	1	1	0.218151	1	1	1	1	1	1	1	1	1	1	1	1	1	0.21445	1	1	1	1	1	0	1	1	0.200546	1	0.212146	0.209226	1	0.217919	1	1	1	1	1	1	1	1
"SMGC_62.fa"	1	1	1	1	1	1	1	0.23934	1	0.234506	0.244443	0.239281	1	1	1	1	1	1	1	1	1	0.24081	1	1	1	1	1	1	0.238387	1	1	1	0.238106	1	1	1	1	0.240131	1	0.236513	0.242679	1	1	0.243417	0.243853	1	0.242995	0.240299	1	1	1	1	1	1	1	1	1	1	1	1	1	1	1	1	1	1	0.223233	1	1	1	1	1	1	1	0.242751	1	1	1	1	1	0.235712	1	1	1	1	1	1	0.242976	1	1	1	1	1	0.241766	1	0.235965	1	1	1	1	1	1	0	0.238798	0.241242	1	0.239536	0.236501	1	0.24024	1	1	1	1	1	1	0.243881	0.237585
"SMGC_66.fa"	1	1	1	1	1	1	1	0.212537	1	0.2332	0.231542	0.236745	1	1	1	1	0.250689	1	1	1	1	0.211869	0.237455	1	1	1	1	1	0.23795	1	1	1	0.230911	1	1	1	1	0.229451	1	0.226237	0.231836	1	1	0.220476	0.226137	1	0.224683	0.228151	0.237875	1	1	1	1	1	1	1	1	1	1	1	1	1	1	1	1	1	0.239477	1	1	1	1	1	1	1	0.220728	1	0.238933	1	1	1	0.23567	1	1	1	1	1	1	0.240703	1	0.232547	1	1	1	0.227541	1	0.235252	1	0.234043	1	1	1	1	0.238024	0	0.240305	1	0.233669	0.232937	0.240494	0.231154	1	1	1	1	1	1	0.210272	0.204088
"SMGC_7.fa"	1	1	0.225766	1	1	1	1	0.235924	1	0.210903	1	0.22496	1	1	1	1	1	0.225621	0.228544	1	1	0.237815	1	0.230208	1	1	1	1	0.210583	1	0.212587	1	0.205253	0.226627	1	1	1	0.238014	0.231952	1	1	0.228903	0.22416	0.23865	0.236526	1	0.241748	0.240293	1	1	0.228101	0.231459	1	0.229201	1	0.228978	1	1	0.233572	1	1	0.227309	1	1	1	1	0.236114	0.222338	1	1	1	1	1	1	1	1	1	1	1	1	0.228467	0.212386	1	1	0.231578	1	1	0.223502	1	1	1	1	1	0.239057	1	0.20715	1	1	1	1	0.233277	0.204073	0.241551	0.238596	0	1	0.20584	0.206545	0.220588	0.206984	0.227017	0.221656	0.222939	0.223766	0.225337	1	1	0.237106
"SMGC_70.fa"	1	1	1	1	1	1	1	1	1	1	1	1	1	1	1	1	1	1	1	1	1	1	1	1	1	1	1	1	1	1	1	1	1	1	1	1	1	1	1	1	1	1	1	1	1	1	1	1	1	1	1	1	1	1	1	1	1	1	1	1	1	1	1	1	1	1	1	1	1	1	1	1	1	1	1	1	1	1	1	1	1	1	1	1	1	1	1	1	1	1	1	1	1	1	1	1	1	1	1	1	1	1	1	1	1	0	1	1	1	1	1	1	1	1	1	1	1	1
"SMGC_75.fa"	1	1	0.219048	1	1	1	1	0.227659	1	0.147784	0.236303	0.21995	1	1	1	1	1	0.224724	0.221372	1	1	0.229717	1	0.233061	1	1	1	1	0.197644	1	0.074678	1	0.070503	0.222929	1	1	1	0.234352	0.226015	1	0.239665	0.223546	0.222248	0.232341	0.238841	1	0.232312	0.240256	1	1	0.225533	0.222297	1	0.223093	1	0.22849	1	1	0.233324	1	1	0.221424	1	1	1	1	0.238669	0.211142	1	1	1	1	1	1	0.235078	1	1	1	1	1	0.220816	0.177232	1	1	0.226934	1	1	0.21689	1	1	1	1	1	0.241256	1	0.051336	1	1	1	1	0.227895	0.214101	0.24083	0.233591	0.205558	1	0	0.0736570000000001	0.216208	0.18482	0.222948	0.21594	0.217888	0.217516	0.216349	1	0.239248	0.23261
"SMGC_76.fa"	1	1	0.221172	1	1	1	1	0.229743	1	0.144201	0.236905	0.218459	1	1	1	1	1	0.224891	0.220717	1	1	0.230162	1	0.230494	1	1	1	1	0.195418	1	0.091544	1	0.0657420000000001	0.221093	1	1	1	0.234086	0.226971	0.238334	0.241286	0.22424	0.221195	0.231923	0.234716	1	0.235379	0.240263	1	1	0.224103	0.225275	1	0.226128	1	0.225561	1	1	0.232677	1	1	0.222174	1	1	1	1	0.238492	0.207652	1	1	1	1	1	1	0.233574	1	1	1	1	1	0.220162	0.176007	1	1	0.22816	1	1	0.215062	1	1	1	1	1	0.242314	1	0.078805	1	1	1	1	0.226533	0.217301	0.238914	0.231325	0.204269	1	0.0755929999999999	0	0.212536	0.184497	0.21924	0.217417	0.216616	0.218771	0.218199	1	0.233791	0.235754
"SMGC_77.fa"	1	1	0.20273	1	1	1	1	0.237992	1	0.220779	0.239715	0.228122	1	1	1	1	1	0.206673	0.207596	1	1	0.233713	1	0.229106	1	1	1	1	0.222046	1	0.227269	1	0.216921	0.154687	1	1	1	1	0.226227	1	1	0.216949	0.202541	0.241356	1	1	1	1	1	1	0.208537	0.210916	1	0.204143	1	0.159902	1	1	0.0618179999999999	1	1	0.199724	1	1	1	1	0.241827	0.228712	1	1	1	1	1	1	0.240542	1	1	1	1	1	0.219567	0.22004	1	1	0.240532	1	1	0.163461	1	1	1	1	1	1	1	0.218237	1	1	0.178873	1	0.226951	1	1	0.236585	0.216963	1	0.214581	0.215259	0	0.212069	0.206123	0.156026	0.197406	0.196047	0.199493	1	1	0.235583
"SMGC_79.fa"	1	1	0.21776	1	1	1	1	0.233179	1	0.194573	0.238748	0.222952	1	1	1	1	1	0.222331	0.222291	1	1	0.229253	1	0.228852	1	1	1	1	0.201069	1	0.19524	1	0.185239	0.216003	1	1	1	0.23264	0.231395	0.237225	0.24202	0.225927	0.220011	0.237511	0.237471	1	0.236938	0.241212	1	1	0.226009	0.221989	1	0.220834	1	0.224187	1	1	0.229691	1	1	0.220297	1	1	1	1	0.239005	0.205903	1	1	1	1	1	1	0.236947	1	0.244574	1	1	1	0.219678	0.203072	1	1	0.22969	1	1	0.21972	1	1	1	1	1	0.244336	1	0.190119	1	1	1	1	0.226236	0.224208	0.240666	0.233147	0.207325	1	0.186864	0.183617	0.211183	0	0.220323	0.213682	0.209641	0.213932	0.212687	1	0.23536	0.233726
"SMGC_84.fa"	1	1	0.189785	1	1	1	1	1	1	0.22624	1	0.234284	1	1	1	1	1	0.056443	0.062898	1	1	1	1	0.234031	1	1	1	1	0.22703	1	1	1	0.221947	0.213978	1	1	1	1	0.225754	1	1	0.22421	0.185907	1	1	1	1	1	1	1	0.188309	0.229943	1	0.190929	1	0.219779	1	1	0.223766	1	1	0.190987	1	1	1	1	1	0.227333	1	1	1	1	1	1	1	1	1	1	1	1	0.224422	0.230448	1	1	1	1	1	0.215468	1	1	1	1	1	1	1	0.224714	1	1	0.232055	1	0.224477	1	1	1	0.223237	1	0.221461	0.221528	0.205409	0.220834	0	0.208314	0.207072	0.183982	0.184263	1	1	1
"SMGC_85.fa"	1	1	0.206224	1	1	1	1	0.240664	1	0.226163	1	0.229293	1	1	1	1	1	0.209341	0.211607	1	1	1	1	0.225966	1	1	1	1	0.223482	1	0.233406	1	0.218598	0.0587770000000001	1	1	1	1	0.228817	1	1	0.22257	0.207051	1	0.244455	1	1	1	1	1	0.213118	0.217517	1	0.206157	1	0.068001	1	1	0.172758	1	1	0.207482	1	1	1	1	0.243097	0.226506	1	1	1	1	1	1	1	1	1	1	1	1	0.2256	0.220252	1	1	0.240812	1	1	0.168495	1	1	1	1	1	1	1	0.22179	1	1	0.0692400000000001	1	0.22481	1	1	1	0.22343	1	0.218906	0.218326	0.155574	0.220411	0.209355	0	0.198154	0.202297	0.20148	1	1	0.236802
"SMGC_88.fa"	1	1	0.201742	1	1	1	1	1	1	0.222425	1	0.230345	1	1	1	1	1	0.208221	0.20897	1	1	1	1	0.219281	1	1	1	1	0.226252	1	1	1	0.216575	0.202756	1	1	1	1	0.221887	1	1	0.220574	0.2059	1	1	1	1	1	1	1	0.207581	0.214422	1	0.203647	1	0.208208	1	1	0.217186	1	1	0.195922	1	1	1	1	0.242634	0.228176	1	1	1	1	1	1	1	1	1	1	1	1	0.223589	0.22365	1	1	1	1	1	0.206401	1	1	1	1	1	1	1	0.216116	1	1	0.220066	1	0.222583	1	1	1	0.224064	1	0.215447	0.215358	0.197733	0.213313	0.20645	0.198359	0	0.196875	0.202	1	1	1
"SMGC_90.fa"	1	1	0.102953	1	1	1	1	1	1	0.22593	1	0.231899	1	1	1	1	1	0.18219	0.184709	1	1	1	1	0.230919	1	1	1	1	0.224531	1	1	1	0.218484	0.204674	1	1	1	1	0.223407	1	1	0.223938	0.059347	1	1	1	1	1	1	1	0.113717	0.220353	1	0.105902	1	0.213133	1	1	0.218933	1	1	0.102784	1	1	1	1	1	0.224927	1	1	1	1	1	1	1	1	1	1	1	1	0.213854	0.223844	1	1	1	1	1	0.206626	1	1	1	1	1	1	1	0.22142	1	1	0.217912	1	0.228295	1	1	1	0.224012	1	0.218928	0.219045	0.196304	0.214626	0.185409	0.202676	0.196794	0	0.0506789999999999	1	1	0.244056
"SMGC_92.fa"	1	1	0.103366	1	1	1	1	1	1	0.223799	1	0.230103	1	1	1	1	1	0.184387	0.185649	1	1	1	1	0.231772	1	1	1	1	0.224072	1	1	1	0.219628	0.204249	1	1	1	1	0.2258	1	1	0.216278	0.059457	1	1	1	1	1	1	1	0.114617	0.21807	1	0.11217	1	0.210783	1	1	0.219772	1	1	0.105113	1	1	1	1	1	0.225867	1	1	1	1	1	1	1	1	1	1	1	1	0.223707	0.222622	1	1	1	1	1	0.207367	1	1	1	1	1	1	1	0.219643	1	1	0.231678	1	0.227639	1	1	1	0.223952	1	0.213889	0.214827	0.199206	0.215171	0.185166	0.202525	0.200762	0.0507909999999999	0	1	1	0.245706
"SMGC_94.fa"	1	1	1	1	1	1	1	0.232384	1	1	1	0.238278	1	1	1	1	1	1	1	1	1	1	1	1	1	1	1	1	1	1	1	1	1	1	1	1	1	1	1	1	1	1	1	0.231529	0.234011	1	0.230177	0.23779	0.127584	1	1	1	1	1	1	1	1	1	1	1	1	1	1	1	1	1	1	1	1	1	1	1	1	1	1	1	1	1	1	1	1	1	1	1	1	1	1	1	1	1	1	1	1	0.238212	1	1	1	1	1	1	1	1	1	0.237232	1	1	1	1	1	1	1	1	1	1	1	0	1	0.232159
"SMGC_96.fa"	1	1	1	1	1	1	1	0.213139	1	0.238209	0.234326	0.237475	1	1	1	1	1	1	1	1	1	0.212826	1	1	1	1	1	1	0.238044	1	1	1	0.233494	1	1	1	1	0.231006	1	0.231374	0.231121	1	1	0.227918	0.228695	1	0.225459	0.232105	1	1	1	1	1	1	1	1	1	1	1	1	1	1	1	1	1	1	0.239738	1	1	1	1	1	1	1	0.220888	1	1	1	1	1	1	1	1	1	1	1	1	1	1	0.230897	1	1	1	0.232466	1	0.237768	1	0.235952	1	1	1	1	0.243337	0.210159	0.242398	1	0.238594	0.235341	1	0.232006	1	1	1	1	1	1	0	0.155217
"SMGC_97.fa"	1	1	1	1	1	1	1	0.207941	1	0.235136	0.227122	0.237009	1	1	1	1	1	1	1	1	1	0.20717	0.236215	1	1	1	1	1	0.234799	1	1	1	0.232549	1	1	1	1	0.230622	0.239552	0.231406	0.230608	1	1	0.226987	0.228144	1	0.221474	0.233545	0.238117	1	1	1	1	1	1	1	1	1	1	1	1	1	1	1	1	1	0.238037	1	1	1	1	1	1	1	0.217468	1	0.239304	1	1	1	0.234306	1	1	1	1	1	1	0.233618	1	0.23369	1	1	1	0.231415	1	0.233533	1	0.232458	1	1	0.237666	1	0.24021	0.202993	0.23918	1	0.231762	0.232449	0.236029	0.23371	1	1	1	0.243754	0.244835	0.232196	0.153328	0
